name: desc
channels:
  - conda-forge
  - defaults
dependencies:
  - asttokens=3.0.1=pyhd8ed1ab_0
  - bzip2=1.0.8=h2bbff1b_6
  - ca-certificates=2026.4.22=h4c7d964_0
  - colorama=0.4.6=pyhd8ed1ab_1
  - comm=0.2.3=pyhe01879c_0
  - debugpy=1.8.20=py311h5dfdfe8_0
  - decorator=5.2.1=pyhd8ed1ab_0
  - executing=2.2.1=pyhd8ed1ab_0
  - ipykernel=7.2.0=pyh6dadd2b_1
  - ipython=9.10.1=pyhe2676ad_0
  - ipython_pygments_lexers=1.1.1=pyhd8ed1ab_0
  - jedi=0.19.2=pyhd8ed1ab_1
  - jupyter_client=8.8.0=pyhcf101f3_0
  - jupyter_core=5.9.1=pyh6dadd2b_0
  - krb5=1.22.2=h0ea6238_0
  - libexpat=2.7.5=hac47afa_0
  - libffi=3.4.4=hd77b12b_1
  - liblzma=5.8.2=hfd05255_0
  - libsodium=1.0.21=h6a83c73_3
  - libsqlite=3.53.0=hf5d6505_0
  - libzlib=1.3.1=h02ab6af_0
  - matplotlib-inline=0.2.1=pyhd8ed1ab_0
  - nest-asyncio=1.6.0=pyhd8ed1ab_1
  - openssl=3.6.2=hf411b9b_0
  - packaging=26.0=py311haa95532_0
  - parso=0.8.6=pyhcf101f3_0
  - pip=26.0.1=pyhc872135_1
  - platformdirs=4.9.6=pyhcf101f3_0
  - prompt-toolkit=3.0.52=pyha770c72_0
  - psutil=7.2.2=py311hf893f09_0
  - pure_eval=0.2.3=pyhd8ed1ab_1
  - pygments=2.20.0=pyhd8ed1ab_0
  - python=3.11.11=h3f84c4b_2_cpython
  - python-dateutil=2.9.0.post0=pyhe01879c_2
  - python_abi=3.11=8_cp311
  - pywin32=311=py311hefeebc8_1
  - pyzmq=27.1.0=py311hff25285_2
  - setuptools=82.0.1=py311haa95532_0
  - six=1.17.0=pyhe01879c_1
  - sqlite=3.51.2=hee5a0db_0
  - stack_data=0.6.3=pyhd8ed1ab_1
  - tk=8.6.15=hf199647_0
  - tornado=6.5.5=py311h3485c13_0
  - traitlets=5.14.3=pyhd8ed1ab_1
  - typing_extensions=4.15.0=pyhcf101f3_0
  - tzdata=2026a=he532380_0
  - ucrt=10.0.22621.0=haa95532_0
  - vc=14.3=h2df5915_10
  - vc14_runtime=14.44.35208=h4927774_10
  - vs2015_runtime=14.44.35208=ha6b5a95_10
  - wcwidth=0.6.0=pyhd8ed1ab_0
  - wheel=0.46.3=py311haa95532_0
  - xz=5.8.2=h53af0af_0
  - zeromq=4.3.5=h507cc87_10
  - zlib=1.3.1=h02ab6af_0
  - pip:
      - absl-py==2.4.0
      - accelerate==1.13.0
      - annotated-doc==0.0.4
      - annotated-types==0.7.0
      - anyio==4.13.0
      - bitsandbytes==0.49.2
      - certifi==2026.4.22
      - cffi==2.0.0
      - charset-normalizer==3.4.7
      - click==8.3.3
      - contourpy==1.3.3
      - cycler==0.12.1
      - fastapi==0.136.1
      - filelock==3.25.2
      - flatbuffers==25.12.19
      - fonttools==4.62.1
      - fsspec==2026.2.0
      - h11==0.16.0
      - hf-xet==1.4.3
      - httpcore==1.0.9
      - httpx==0.28.1
      - huggingface-hub==1.11.0
      - idna==3.12
      - jinja2==3.1.6
      - kiwisolver==1.5.0
      - markdown-it-py==4.0.0
      - markupsafe==3.0.3
      - matplotlib==3.10.9
      - mdurl==0.1.2
      - mediapipe==0.10.33
      - mpmath==1.3.0
      - networkx==3.6.1
      - ngrok==1.4.0
      - numpy==2.4.3
      - opencv-contrib-python==4.13.0.92
      - pillow==12.1.1
      - pycparser==3.0
      - pydantic==2.13.3
      - pydantic-core==2.46.3
      - pyparsing==3.3.2
      - pyyaml==6.0.3
      - regex==2026.4.4
      - requests==2.33.1
      - rich==15.0.0
      - safetensors==0.7.0
      - shellingham==1.5.4
      - sounddevice==0.5.5
      - starlette==1.0.0
      - sympy==1.14.0
      - tokenizers==0.22.2
      - torch==2.7.1+cu118
      - torchvision==0.22.1+cu118
      - tqdm==4.67.3
      - transformers==5.5.4
      - typer==0.24.1
      - typing-inspection==0.4.2
      - urllib3==2.6.3
      - uvicorn==0.46.0
      - websockets==16.0
prefix: C:\Users\ADMIN\anaconda3\envs\desc
